10111110100001011100111101100110001010000110100000111110100011111110010010110100100011111010000011000000101101000100111111011010111010010011010110101010010110010000010101000010110001001111010000000010010111010101111000111001100111110001111
11100001110001110010100011010101001111000101110000100001110010000001011011101110110010000111000010100000111011100110100000110111100111011010111101111111011101011000011111100011101001101000111000000011011100111111000100100101010100001001000
01110000111000111001010001101010100111100010111000010000111001000000101101110111011001000011100001010000011101110011010000011011110011101101011110111111101110101100001111110001110100110100011100000001101110011111100010010010101010000100100
00111000011100011100101000110101010011110001011100001000011100100000010110111011101100100001110000101000001110111001101000001101111001110110101111011111110111010110000111111000111010011010001110000000110111001111110001001001010101000010010
00011100001110001110010100011010101001111000101110000100001110010000001011011101110110010000111000010100000111011100110100000110111100111011010111101111111011101011000011111100011101001101000111000000011011100111111000100100101010100001001
10110000100110011011110111101011011110111010110111111100100100110110010111011010011000110010011111001010101110101010100101011001100100001110111101011101101011100101110100111100111111101001110011100010011010100110000100101011110010100001011
11100110110010010001000110010011100101011011111011000000110001100101011001011001101111100011001100100101111010010001101101110110001000010100001000000100100011100010101111011100101110111011101001110011011010000110111010101100011110100001010
01110011011001001000100011001001110010101101111101100000011000110010101100101100110111110001100110010010111101001000110110111011000100001010000100000010010001110001010111101110010111011101110100111001101101000011011101010110001111010000101
10000111001101111000101100000010110011010000011110001110101111100111000100100010111000000010110000001001110011100000100100000111011000010110010100101011011110101000111110110101111010100001101010011110100001110100010110010010100000011001101
11111101000111100000101011100111010011101110101111111001110100001101110000100101111111111011011011000100010100110100101101011001010110011000011100111111111001000100001010011000001100011111100101001101000111101111110011110000110111111101001
11000000000010101100101000010101100011110001110111000010011001111000101010100110011100000111101110100010100111011110101001110110010001011111011000110101101010110010010000001110110111000000100010100100110100100010000001000001111100001111011
11011110100000001010101001101100111011111110011011011111101111000010000111100111101101111001110100010001111110101011101011100001110010111100111010110000100011001001011101000101101010101111000001010000001101000100111000011001011001110110010
01101111010000000101010100110110011101111111001101101111110111100001000011110011110110111100111010001000111111010101110101110000111001011110011101011000010001100100101110100010110101010111100000101000000110100010011100001100101100111011001
10001001001001011110010111111101000100111001000110001001011000001110110011001101011000100100011110000100110010101110000101100010100110111100011000000110011110100010000010010011101011100100100000010110010100000100110110111111110001101100011
11111010000101110011110110011000101000011010000011111010001111111001001011010010001111101000001100000010110100010011111101101011101001001101011010101001011001000001010100001011000100111101000000001001011101010111100011100110011111000111110
01111101000010111001111011001100010100001101000001111101000111111100100101101001000111110100000110000001011010001001111110110101110100100110101101010100101100100000101010000101100010011110100000000100101110101011110001110011001111100011111
11010100111110010111010110111011110011111011000000101011000010101011100011011000111101010011111101111111001001111000101010010011010011100010011011001100011011100000011001111100100001110101100000000011100101100110101111010001000101011110101
